name: inversiones
channels:
  - conda-forge
  - bioconda
  - defaults
dependencies:
  - _libgcc_mutex=0.1=conda_forge
  - _openmp_mutex=4.5=2_gnu
  - awscli=1.15.15=py_0
  - blast=2.12.0=hf3cf87c_4
  - botocore=1.10.15=py_0
  - bzip2=1.0.8=h7f98852_4
  - c-ares=1.18.1=h7f98852_0
  - ca-certificates=2022.6.15=ha878542_0
  - certifi=2016.9.26=py36_0
  - colorama=0.3.7=py36_0
  - curl=7.83.1=h7bff187_0
  - docutils=0.16=py36h5fab9bb_3
  - entrez-direct=16.2=he881be0_1
  - filtlong=0.2.1=hd03093a_1
  - gettext=0.19.8.1=h73d1719_1008
  - htslib=1.15.1=h9753748_0
  - jmespath=0.10.0=pyh9f0ad1d_0
  - k8=0.2.5=hd03093a_2
  - keyutils=1.6.1=h166bdaf_0
  - krb5=1.19.3=h3790be6_0
  - ld_impl_linux-64=2.36.1=hea4e1c9_2
  - libcurl=7.83.1=h7bff187_0
  - libdeflate=1.10=h7f98852_0
  - libedit=3.1.20191231=he28a2e2_2
  - libev=4.33=h516909a_1
  - libffi=3.4.2=h7f98852_5
  - libgcc-ng=12.1.0=h8d9b700_16
  - libgomp=12.1.0=h8d9b700_16
  - libidn2=2.3.2=h7f98852_0
  - libnghttp2=1.47.0=h727a467_0
  - libnsl=2.0.0=h7f98852_0
  - libssh2=1.10.0=ha56f1ee_2
  - libstdcxx-ng=12.1.0=ha89aaad_16
  - libunistring=0.9.10=h7f98852_0
  - libzlib=1.2.12=h166bdaf_0
  - minimap2=2.24=h7132678_1
  - ncurses=6.3=h27087fc_1
  - openjdk=8.0.312=h7f98852_0
  - openssl=1.1.1o=h166bdaf_0
  - pcre=8.45=h9c3ff4c_0
  - perl=5.32.1=2_h7f98852_perl5
  - perl-archive-tar=2.40=pl5321hdfd78af_0
  - perl-carp=1.38=pl5321hdfd78af_4
  - perl-common-sense=3.75=pl5321hdfd78af_0
  - perl-compress-raw-bzip2=2.103=pl5321h87f3376_0
  - perl-compress-raw-zlib=2.105=pl5321h87f3376_0
  - perl-encode=3.17=pl5321hec16e2b_0
  - perl-exporter=5.72=pl5321hdfd78af_2
  - perl-exporter-tiny=1.002002=pl5321hdfd78af_0
  - perl-extutils-makemaker=7.64=pl5321hd8ed1ab_0
  - perl-io-compress=2.106=pl5321h87f3376_0
  - perl-io-zlib=1.11=pl5321hdfd78af_0
  - perl-json=4.06=pl5321hdfd78af_0
  - perl-json-xs=2.34=pl5321h9f5acd7_5
  - perl-list-moreutils=0.430=pl5321hdfd78af_0
  - perl-list-moreutils-xs=0.430=pl5321hec16e2b_1
  - perl-parent=0.236=pl5321hdfd78af_2
  - perl-pathtools=3.75=pl5321hec16e2b_3
  - perl-scalar-list-utils=1.62=pl5321hec16e2b_0
  - perl-types-serialiser=1.01=pl5321hdfd78af_0
  - pip=21.2.4=pyhd8ed1ab_0
  - pyasn1=0.4.8=py_0
  - python=3.6.15=hb7a2778_0_cpython
  - python-dateutil=2.8.2=pyhd8ed1ab_0
  - python_abi=3.6=2_cp36m
  - pyyaml=3.12=py36_1
  - qualimap=2.2.2a=1
  - r-base=4.1
  - r-ggplot2
  - readline=8.1.2=h0f457ee_0
  - rsa=3.4.2=py_1
  - s3transfer=0.1.13=py36_1001
  - samtools=1.15.1=h1170115_0
  - setuptools=49.6.0=py36h5fab9bb_3
  - six=1.16.0=pyh6c4a22f_0
  - sqlite=3.38.5=h4ff8645_0
  - tk=8.6.12=h27826a3_0
  - wget=1.20.3=ha56f1ee_1
  - wheel=0.37.1=pyhd8ed1ab_0
  - xz=5.2.5=h516909a_1
  - yaml=0.2.5=h7f98852_2
  - zlib=1.2.12=h166bdaf_0
prefix: /home/maria/anaconda3/envs/inversiones
